,DATE,SP500,TB3MS
0,2018-11-01,2740.37,2.33
1,2019-01-01,.,2.37
2,2019-02-01,2706.53,2.39
3,2019-03-01,2803.69,2.4
4,2019-04-01,2867.19,2.38
5,2019-05-01,2923.73,2.35
6,2019-07-01,2964.33,2.1
7,2019-08-01,2953.56,1.95
8,2019-10-01,2940.25,1.65
9,2019-11-01,3066.91,1.54
10,2020-01-01,.,1.52
11,2020-04-01,2470.5,0.14
12,2020-05-01,2830.71,0.13
13,2020-06-01,3055.73,0.16
14,2020-07-01,3115.86,0.13
15,2020-09-01,3526.65,0.11
16,2020-10-01,3380.8,0.1
17,2020-12-01,3662.45,0.09
18,2021-01-01,.,0.08
19,2021-02-01,3773.86,0.04
20,2021-03-01,3901.82,0.03
21,2021-04-01,4019.87,0.02
22,2021-06-01,4202.04,0.04
23,2021-07-01,4319.94,0.05
24,2021-09-01,4524.09,0.04
25,2021-10-01,4357.04,0.05
26,2021-11-01,4613.67,0.05
27,2021-12-01,4513.04,0.06
28,2022-02-01,4546.54,0.33
29,2022-03-01,4306.26,0.44
30,2022-04-01,4545.86,0.76
31,2022-06-01,4101.23,1.49
32,2022-07-01,3825.33,2.23
33,2022-08-01,4118.63,2.63
34,2022-09-01,3966.85,3.13
35,2022-11-01,3856.1,4.15
36,2022-12-01,4076.57,4.25
37,2023-02-01,4119.21,4.65
38,2023-03-01,3951.39,4.69
39,2023-05-01,4167.87,5.14
40,2023-06-01,4221.02,5.16
41,2023-08-01,4576.73,5.3
42,2023-09-01,4515.77,5.32
